%YAML:1.0
cameraMatrix: !!opencv-matrix
   rows: 3
   cols: 3
   dt: d
   data: [ 3.6009027668394754e+02, 0., 2.5385388668018209e+02, 0.,
       3.6017538340789889e+02, 2.0486859239114739e+02, 0., 0., 1. ]
distortionCoefficients: !!opencv-matrix
   rows: 1
   cols: 5
   dt: d
   data: [ 1.0572832066443318e-01, -3.1426620041592962e-01,
       -8.6482707751731384e-04, -2.2560133715818098e-04,
       1.3560269622336960e-01 ]
rotation: !!opencv-matrix
   rows: 3
   cols: 3
   dt: d
   data: [ 1., 0., 0., 0., 1., 0., 0., 0., 1. ]
projection: !!opencv-matrix
   rows: 4
   cols: 4
   dt: d
   data: [ 3.6009027668394754e+02, 0., 2.5385388668018209e+02, 0., 0.,
       3.6017538340789889e+02, 2.0486859239114739e+02, 0., 0., 0., 1.,
       0., 0., 0., 0., 1. ]
