%YAML:1.0
cameraMatrix: !!opencv-matrix
   rows: 3
   cols: 3
   dt: d
   data: [ 1.0577091838266360e+03, 0., 9.4614280675482019e+02, 0.,
       1.0574983562797327e+03, 5.2691201062223195e+02, 0., 0., 1. ]
distortionCoefficients: !!opencv-matrix
   rows: 1
   cols: 5
   dt: d
   data: [ 8.5665001387528805e-02, -1.6581334074201645e-01,
       -2.1172190706780368e-04, 1.6820247405328339e-05,
       7.8402380461843654e-02 ]
rotation: !!opencv-matrix
   rows: 3
   cols: 3
   dt: d
   data: [ 1., 0., 0., 0., 1., 0., 0., 0., 1. ]
projection: !!opencv-matrix
   rows: 4
   cols: 4
   dt: d
   data: [ 1.0577091838266360e+03, 0., 9.4614280675482019e+02, 0., 0.,
       1.0574983562797327e+03, 5.2691201062223195e+02, 0., 0., 0., 1.,
       0., 0., 0., 0., 1. ]
