%YAML:1.0
depthShift: -1.7084291013521835e+01
