%YAML:1.0
rotation: !!opencv-matrix
   rows: 3
   cols: 3
   dt: d
   data: [ 9.9997567521162389e-01, -1.9789122806898175e-03,
       -6.6882651892780243e-03, 1.9396073591086975e-03,
       9.9998084283608568e-01, -5.8780850729026890e-03,
       6.6997692758232023e-03, 5.8649694813464326e-03,
       9.9996035682652618e-01 ]
translation: !!opencv-matrix
   rows: 3
   cols: 1
   dt: d
   data: [ -5.2032223290372957e-02, -3.1524144570461814e-04,
       -2.3771887879200718e-03 ]
essential: !!opencv-matrix
   rows: 3
   cols: 3
   dt: d
   data: [ 2.4987679146425672e-06, 2.3752943662664933e-03,
       -3.2920226646304456e-04, -2.0285270723522622e-03,
       3.0987164973057363e-04, 5.2046059836937414e-02,
       2.1431169431836966e-04, -5.2031850335710846e-02,
       3.0374141664555704e-04 ]
fundamental: !!opencv-matrix
   rows: 3
   cols: 3
   dt: d
   data: [ 1.3971426151470859e-09, 1.3277907072353713e-06,
       -3.3865827986556273e-04, -1.1344417499332362e-06,
       1.7325293665741978e-07, 1.0733438243320311e-02,
       7.2317295697260967e-04, -3.2111917842096958e-02, 1. ]
